OAO classifiers: 11-Jun-2019 (20:48:48)
SVC
0.557820270327
6928 170 198 3138 335 
7 86 28 18 58 
45 190 663 428 229 
747 51 476 3313 199 
1381 1147 1023 1951 3920 
OAA classifiers: 12-Jun-2019 (20:12:28)
SVC
0.514636088217
6231 0 16 1045 3477 
28 0 0 10 159 
315 0 44 249 947 
1957 0 88 1055 1686 
2677 0 44 479 6222 
LR
0.627335482050
7994 70 176 2003 526 
11 19 9 14 144 
90 42 428 383 612 
1331 46 292 2738 379 
1936 176 504 1217 5589 
Perceptron
0.302839857449
2580 1178 1346 1440 4225 
48 20 25 16 88 
307 121 194 431 502 
999 362 598 1522 1305 
2288 1023 1178 1154 3779 
PAC
0.345447776363
1343 720 1410 1763 5533 
24 24 25 33 91 
185 55 238 398 679 
568 77 710 1243 2188 
1158 811 1219 1509 4725 
GB
0.682443430380
8916 0 23 1067 763 
18 17 9 12 141 
183 8 283 339 742 
1786 0 28 2313 659 
1761 6 114 830 6711 
SGD_SVC
0.252968113303
3841 1528 1141 1944 2315 
78 31 9 31 48 
339 266 265 393 292 
832 853 1006 1299 796 
3358 1341 982 1688 2053 
SGD_LR
0.271345576218
1695 3165 377 1758 3774 
40 64 8 31 54 
151 427 158 325 494 
312 1205 533 1053 1683 
1509 2819 294 1508 3292 
OAA classifiers no warm start: 12-Jun-2019 (20:42:59)
SVC
0.534765934829
6234 153 195 1340 2847 
23 2 4 9 159 
230 40 132 214 939 
1730 193 376 871 1616 
1984 104 323 706 6305 
LR
0.627335482050
7994 70 176 2003 526 
11 19 9 14 144 
90 42 428 383 612 
1331 46 292 2738 379 
1936 176 504 1217 5589 
Perceptron
0.302839857449
2580 1178 1346 1440 4225 
48 20 25 16 88 
307 121 194 431 502 
999 362 598 1522 1305 
2288 1023 1178 1154 3779 
PAC
0.286102543407
3058 1718 433 3372 2188 
43 52 9 50 43 
313 271 170 585 216 
940 753 565 1948 580 
2404 1858 343 2850 1967 
GB
0.682443430380
8916 0 23 1068 762 
18 17 9 12 141 
183 8 283 339 742 
1786 0 28 2313 659 
1761 6 114 829 6712 
SGD_SVC
0.257330685019
2917 2013 1696 1871 2272 
60 35 32 24 46 
248 255 282 489 281 
581 752 822 1768 863 
2605 1819 1455 1539 2004 
SGD_LR
0.284763966066
2667 1841 4252 794 1215 
35 49 75 13 25 
304 220 590 303 138 
1030 525 1786 1007 438 
1983 1974 3703 670 1092 
OAA classifiers: 16-Jun-2019 (12:35:37)
SVC
0.313108871942
1960 159 1323 1145 759 
423 2164 1556 300 903 
613 860 2204 861 808 
1263 160 1694 1582 647 
824 1189 1630 633 1070 
LR
0.523008579254
3530 108 156 1455 97 
250 3352 743 415 586 
204 886 2589 1177 490 
925 136 683 3477 125 
908 1615 933 858 1032 
Perceptron
0.270820410748
0 1937 1664 0 1745 
0 2482 1089 0 1775 
0 1090 2992 0 1264 
0 670 3489 0 1187 
0 2040 1541 0 1765 
PAC
0.231762260233
2473 645 1024 190 1014 
2487 635 1008 160 1056 
2007 562 1670 519 588 
2066 559 1651 566 504 
2469 693 1029 157 998 
GB
0.636513967581
3509 107 134 1410 186 
170 4055 312 384 425 
154 732 3039 989 432 
768 80 442 3831 225 
680 597 617 872 2580 
SGD_SVC
0.257540020855
912 1076 775 1257 1326 
823 1433 493 1338 1259 
1105 546 1389 1364 942 
1187 260 1596 1313 990 
885 1123 733 1258 1347 
SGD_LR
0.209685897264
1221 446 2068 763 848 
1222 521 2104 712 787 
996 251 2233 766 1100 
994 175 2206 796 1175 
1222 469 2073 749 833 
