Balanced dataset:

OAA classifiers: 30-Jun-2019 (15:29:02)
SVC
Avg logloss: 0.856589470346
3458 83 107 1552 146 
58 5052 38 75 123 
172 621 2798 1076 679 
787 71 461 3863 164 
783 664 514 1089 2296 


OAO classifiers: 30-Jun-2019 (17:59:50)
SVC
Avg logloss: 0.856469201516
3458 83 107 1552 146 
58 5052 38 75 123 
172 621 2798 1076 679 
787 71 461 3863 164 
783 664 514 1089 2296 

OAA classifiers: 30-Jun-2019 (21:44:42)
LR
Avg logloss: 1.135080178588
3530 108 156 1455 97 
250 3352 743 415 586 
204 886 2589 1177 490 
925 136 683 3477 125 
908 1615 933 858 1032 
GB
Avg logloss: 0.919074972003
3509 107 134 1410 186 
170 4055 312 384 425 
154 732 3039 989 432 
768 80 442 3831 225 
680 597 617 872 2580 

No Balancement:
OAO classifiers: 05-Jul-2019 (20:21:12)
SVC
Avg logloss: 0.898286657835
9103 0 6 1069 591 
19 0 5 11 162 
237 0 71 467 780 
2205 0 5 2126 450 
2400 0 33 964 6025 
OAA classifiers: 05-Jul-2019 (23:29:46)
SVC
Avg logloss: 0.898115632891
9103 0 6 1069 591 
19 0 5 11 162 
237 0 71 467 780 
2205 0 5 2126 450 
2400 0 33 964 6025 
LR
Avg logloss: 0.855647366463
9096 0 4 1010 659 
15 0 1 12 169 
194 0 72 357 932 
2129 0 13 1906 738 
2353 0 39 743 6287 
GB
Avg logloss: 0.771951266956
8916 0 23 1067 763 
18 17 9 12 141 
183 8 283 339 742 
1786 0 28 2313 659 
1761 6 114 829 6712 
